1.0 0.0 0.0 0.0 0.0 0.0 0.0 0.0 0.0 0.0 0.0 0.0 0.0 0.0 0.0 0.0 0.0 0.0 0.0 0.0 0.0 0.0 0.0 0.0
0.0 -0.31623 -0.11616 0.24612 -0.06533 -0.24775 0.09855 -0.12776 -0.1486 -0.24607 0.33741 -0.00956 0.18158 0.01267 0.04437 0.21747 0.24103 0.22591 -0.01724 0.08755 0.29536 -0.13648 -0.30047 -0.37689
0.0 0.89443 -0.08214 0.28778 0.03055 -0.12275 0.08437 -0.06044 -0.05854 -0.06856 0.10973 0.00467 0.12391 0.05038 -0.02085 0.12179 0.12436 -0.03115 -0.01908 0.10753 0.02687 -0.03426 -0.0074 0.00197
0.0 0.0 -0.61605 -0.03934 0.24949 0.09796 0.10487 0.11861 -0.11355 0.03611 0.0028 -0.11099 -0.00518 -0.05464 -0.0373 -0.42361 0.15862 -0.01396 0.23137 0.12451 -0.18681 0.28833 -0.00929 -0.31487
0.0 0.0 -0.0 -0.5042 -0.04673 -0.09088 0.09496 0.25402 -0.20504 -0.09836 0.30798 -0.0056 0.04386 0.07509 0.30923 0.23901 0.17696 -0.03822 0.06989 0.38403 0.03084 0.09807 0.35833 0.17543
0.0 0.0 0.0 -0.0 0.42924 -0.04883 -0.33899 -0.01191 -0.15196 -0.13083 0.00244 0.46095 -0.01804 0.30949 0.2544 -0.02421 -0.15253 -0.28401 -0.22473 -0.11107 0.03822 -0.04966 0.12871 -0.31136
0.0 0.0 -0.43561 -0.10464 -0.2632 -0.18266 0.01364 -0.26343 0.29762 0.01222 -0.06194 0.44137 0.10955 -0.30006 0.07509 -0.05392 -0.30907 -0.05959 0.07762 0.2198 0.16799 -0.17557 0.09734 0.08471
0.0 0.0 0.58082 0.08631 -0.09248 -0.12951 0.1305 -0.10096 0.10961 0.03369 -0.04227 0.24856 0.12537 -0.11824 0.03556 -0.19613 0.04047 -0.05675 0.30924 0.31973 -0.24502 0.22317 0.05037 -0.37606
0.0 0.22361 0.08214 -0.29288 -0.24629 -0.16617 -0.05728 0.09731 -0.14356 -0.20305 0.26069 -0.07429 -0.31663 -0.20359 0.25802 -0.23742 -0.34628 0.12558 -0.00332 -0.27489 -0.07507 0.04649 -0.33384 -0.1612
0.0 0.22361 0.08214 -0.51017 0.03171 0.30678 -0.14082 -0.03622 0.16758 0.12928 -0.22246 0.0421 0.07779 0.01999 -0.11186 0.05783 0.18971 0.3185 0.05525 -0.03141 0.3853 -0.10247 -0.0615 -0.37967
0.0 0.0 -0.20535 -0.02331 -0.26488 -0.06064 0.14888 0.13022 0.16415 0.20125 -0.18095 0.22131 -0.0322 0.18642 0.13533 0.51745 0.04449 0.0257 -0.10265 -0.21669 -0.29248 0.41018 -0.17386 -0.17074
0.0 0.0 0.0 -0.16807 0.00114 -0.46913 -0.07141 0.21554 -0.02236 -0.05431 -0.22432 -0.24992 0.12724 -0.36655 -0.33747 0.10643 0.03762 -0.28135 -0.32317 -0.04908 -0.05975 -0.07088 0.18249 -0.2807
0.0 0.0 0.0 0.0 0.0 -0.21817 -0.12363 0.01563 0.26921 0.35558 0.24658 0.10875 -0.11346 0.04858 0.08526 -0.30647 0.33953 0.34142 -0.4641 0.08285 -0.2507 -0.16334 0.05696 0.04518
0.0 0.0 0.0 -0.0 -0.0 0.49588 0.13477 -0.24152 0.03191 0.07753 0.44948 0.01212 -0.26571 -0.28571 -0.19617 0.22686 -0.07387 -0.23488 -0.26505 0.08955 -0.1167 0.00024 0.12112 -0.24297
0.0 0.0 0.0 0.0 -0.29344 0.08043 0.17894 0.13789 -0.16014 -0.22914 -0.02787 0.43311 -0.18615 -0.06598 -0.17191 -0.17706 0.50889 -0.17374 0.10178 -0.37296 0.03494 -0.16505 0.13352 0.07125
0.0 0.0 -0.0 0.43267 -0.094 0.04827 -0.07893 0.4063 0.00907 0.15304 -0.05165 -0.02309 -0.273 -0.20989 0.20221 0.04616 -0.12795 0.24909 0.05926 -0.02288 0.34289 0.08718 0.44627 -0.18773
0.0 0.0 -0.0 -0.06992 0.05544 -0.33773 0.03219 0.09439 0.21382 0.25204 0.2684 0.00944 -0.40522 0.37466 -0.41234 0.02103 -0.09267 -0.21231 0.29925 0.03942 0.24844 0.00735 -0.06277 -0.03369
0.0 0.0 -0.13216 0.04949 -0.38521 0.05191 -0.45379 -0.14277 -0.04312 -0.16017 -0.05453 -0.20345 -0.12095 0.27788 -0.06284 0.10791 0.00159 0.06893 0.2435 0.10279 -0.38875 -0.31539 0.23695 -0.20498
0.0 0.0 0.0 -0.0 -0.09121 0.06665 0.29825 0.16282 -0.23594 -0.23426 -0.28288 0.16975 -0.2277 0.24599 -0.29557 -0.08634 -0.24607 0.25789 -0.34718 0.43457 -0.01913 -0.04334 -0.07599 -0.02752
0.0 0.0 0.0 -0.0 -0.34063 0.09629 0.37632 -0.01856 0.13591 0.09789 0.00217 -0.28702 0.22996 0.38018 0.25355 -0.29379 -0.09288 -0.31004 -0.20613 -0.10345 0.1821 -0.12407 0.14806 -0.21417
0.0 0.0 0.0 0.03614 -0.02065 0.1997 -0.09714 0.53418 0.30355 -0.20327 0.34732 0.14854 0.4708 0.059 -0.26906 -0.03424 -0.2203 0.09634 0.03749 -0.08752 -0.13876 -0.04661 -0.02005 0.00594
0.0 0.0 0.0 -0.03614 0.34753 -0.03149 0.44021 0.16187 0.08592 0.08472 -0.09378 -0.00453 -0.10189 -0.07465 0.20149 0.18566 -0.08425 0.07396 0.22966 -0.08189 -0.27661 -0.6173 -0.02168 -0.1117
0.0 0.0 0.0 -0.0 0.18123 -0.03299 0.085 -0.10037 0.61202 -0.62688 -0.07456 -0.15427 -0.26068 0.03846 0.10964 0.01248 0.1368 0.03789 -0.06179 -0.00642 0.02203 0.17435 0.12303 0.01506
0.0 0.0 0.0 -0.10221 0.108 -0.18157 0.24692 -0.35647 -0.15719 -0.02234 0.12965 0.03313 0.14812 0.11113 -0.22547 -0.00567 -0.20506 0.41143 0.03723 -0.38525 -0.07332 0.16269 0.48491 -0.02234
