2707106781.187 707106781.187 -2000000000.0 0.0 0.0 0.0 -0.0 -0.0 -707106781.187 -707106781.187 0.0 0.0 0.0 0.0 0.0 0.0 0.0 0.0 0.0 0.0 0.0 0.0 0.0 0.0
707106781.187 2707106781.187 0.0 0.0 0.0 0.0 -0.0 -2000000000.0 -707106781.187 -707106781.187 0.0 0.0 0.0 0.0 0.0 0.0 0.0 0.0 0.0 0.0 0.0 0.0 0.0 0.0
-2000000000.0 0.0 2707106781.187 -707106781.187 0.0 0.0 -707106781.187 707106781.187 -0.0 -0.0 0.0 0.0 0.0 0.0 0.0 0.0 0.0 0.0 0.0 0.0 0.0 0.0 0.0 0.0
0.0 0.0 -707106781.187 2707106781.187 0.0 0.0 707106781.187 -707106781.187 -0.0 -2000000000.0 0.0 0.0 0.0 0.0 0.0 0.0 0.0 0.0 0.0 0.0 0.0 0.0 0.0 0.0
0.0 0.0 0.0 0.0 2707106781.187 707106781.187 -2000000000.0 0.0 0.0 0.0 0.0 0.0 -0.0 -0.0 -707106781.187 -707106781.187 0.0 0.0 0.0 0.0 0.0 0.0 0.0 0.0
0.0 0.0 0.0 0.0 707106781.187 2707106781.187 0.0 0.0 0.0 0.0 0.0 0.0 -0.0 -2000000000.0 -707106781.187 -707106781.187 0.0 0.0 0.0 0.0 0.0 0.0 0.0 0.0
-0.0 -0.0 -707106781.187 707106781.187 -2000000000.0 0.0 5414213562.373 0.0 -2000000000.0 0.0 0.0 0.0 0.0 0.0 -0.0 -0.0 -707106781.187 -707106781.187 0.0 0.0 0.0 0.0 0.0 0.0
-0.0 -2000000000.0 707106781.187 -707106781.187 0.0 0.0 0.0 5414213562.373 0.0 0.0 0.0 0.0 0.0 0.0 -0.0 -2000000000.0 -707106781.187 -707106781.187 0.0 0.0 0.0 0.0 0.0 0.0
-707106781.187 -707106781.187 -0.0 -0.0 0.0 0.0 -2000000000.0 0.0 5414213562.373 0.0 -2000000000.0 0.0 0.0 0.0 -707106781.187 707106781.187 -0.0 -0.0 0.0 0.0 0.0 0.0 0.0 0.0
-707106781.187 -707106781.187 -0.0 -2000000000.0 0.0 0.0 0.0 0.0 0.0 5414213562.373 0.0 0.0 0.0 0.0 707106781.187 -707106781.187 -0.0 -2000000000.0 0.0 0.0 0.0 0.0 0.0 0.0
0.0 0.0 0.0 0.0 0.0 0.0 0.0 0.0 -2000000000.0 0.0 2707106781.187 -707106781.187 0.0 0.0 0.0 0.0 -707106781.187 707106781.187 -0.0 -0.0 0.0 0.0 0.0 0.0
0.0 0.0 0.0 0.0 0.0 0.0 0.0 0.0 0.0 0.0 -707106781.187 2707106781.187 0.0 0.0 0.0 0.0 707106781.187 -707106781.187 -0.0 -2000000000.0 0.0 0.0 0.0 0.0
0.0 0.0 0.0 0.0 -0.0 -0.0 0.0 0.0 0.0 0.0 0.0 0.0 2000000000.0 0.0 -2000000000.0 0.0 0.0 0.0 0.0 0.0 0.0 0.0 0.0 0.0
0.0 0.0 0.0 0.0 -0.0 -2000000000.0 0.0 0.0 0.0 0.0 0.0 0.0 0.0 2000000000.0 0.0 0.0 0.0 0.0 0.0 0.0 0.0 0.0 0.0 0.0
0.0 0.0 0.0 0.0 -707106781.187 -707106781.187 -0.0 -0.0 -707106781.187 707106781.187 0.0 0.0 -2000000000.0 0.0 6121320343.56 707106781.187 -2000000000.0 0.0 0.0 0.0 -0.0 -0.0 -707106781.187 -707106781.187
0.0 0.0 0.0 0.0 -707106781.187 -707106781.187 -0.0 -2000000000.0 707106781.187 -707106781.187 0.0 0.0 0.0 0.0 707106781.187 6121320343.56 0.0 0.0 0.0 0.0 -0.0 -2000000000.0 -707106781.187 -707106781.187
0.0 0.0 0.0 0.0 0.0 0.0 -707106781.187 -707106781.187 -0.0 -0.0 -707106781.187 707106781.187 0.0 0.0 -2000000000.0 0.0 6121320343.56 -707106781.187 -2000000000.0 0.0 -707106781.187 707106781.187 -0.0 -0.0
0.0 0.0 0.0 0.0 0.0 0.0 -707106781.187 -707106781.187 -0.0 -2000000000.0 707106781.187 -707106781.187 0.0 0.0 0.0 0.0 -707106781.187 6121320343.56 0.0 0.0 707106781.187 -707106781.187 -0.0 -2000000000.0
0.0 0.0 0.0 0.0 0.0 0.0 0.0 0.0 0.0 0.0 -0.0 -0.0 0.0 0.0 0.0 0.0 -2000000000.0 0.0 2000000000.0 0.0 0.0 0.0 0.0 0.0
0.0 0.0 0.0 0.0 0.0 0.0 0.0 0.0 0.0 0.0 -0.0 -2000000000.0 0.0 0.0 0.0 0.0 0.0 0.0 0.0 2000000000.0 0.0 0.0 0.0 0.0
0.0 0.0 0.0 0.0 0.0 0.0 0.0 0.0 0.0 0.0 0.0 0.0 0.0 0.0 -0.0 -0.0 -707106781.187 707106781.187 0.0 0.0 3832924083.129 -910617583.625 -2000000000.0 0.0
0.0 0.0 0.0 0.0 0.0 0.0 0.0 0.0 0.0 0.0 0.0 0.0 0.0 0.0 -0.0 -2000000000.0 707106781.187 -707106781.187 0.0 0.0 -910617583.625 4479544253.694 0.0 0.0
0.0 0.0 0.0 0.0 0.0 0.0 0.0 0.0 0.0 0.0 0.0 0.0 0.0 0.0 -707106781.187 -707106781.187 -0.0 -0.0 0.0 0.0 -2000000000.0 0.0 3832924083.129 910617583.625
0.0 0.0 0.0 0.0 0.0 0.0 0.0 0.0 0.0 0.0 0.0 0.0 0.0 0.0 -707106781.187 -707106781.187 -0.0 -2000000000.0 0.0 0.0 0.0 0.0 910617583.625 4479544253.694
